/JobWings.txt Exported with Litcube's Jobs Editor V0.52 --*-- 113
18;600;607;621
19;601;608;622
20;602;609;623
21;603;610;624
22;604;611;625
23;605;612;626
24;606;613;627
25;600;607;614
26;601;608;615
27;602;609;616
28;603;610;617
29;604;611;618
30;605;612;619
31;606;620;620
32;600;607;621
33;601;608;622
34;602;609;623
35;603;610;624
36;604;611;625
37;605;612;626
38;606;620
39;600;621
40;601;622
41;602;623
42;603;624
43;604;625
44;605;626
45;606;627
46;628
47;629
48;630
49;631
50;632
51;633
52;634
53;800;807
54;801;808
55;802;809
56;803;810
57;804;811
58;805;812
59;806;813
60;800;814
61;801;815
62;802;816
63;803;817
64;804;818
65;805;819
66;806;820
67;600;600;600;607;607;607;614;637
68;601;601;601;608;608;608;615;638
69;602;602;602;609;609;609;616;639
70;603;603;603;610;610;610;617;640
71;604;604;604;611;611;611;625;641
72;605;605;605;612;612;612;619;642
73;606;606;613;613;620;643
74;635;635;636
75;635;636;636;636
76;635;636
77;1800;1801;1801;1802
78;1801;1801;1802
79;1801;1803
80;1800;1801;1801;1802;1802
81;1801;1801;1802;1802
82;1801;1802
83;1801;1801;1802
84;1801;1803
85;1801;1804
86;1802
87;1803
88;1804
89;2100;2101;2101;2102
90;2101;2101;2102
91;2101;2103
92;2100;2101;2101;2102;2102
93;2101;2101;2102;2102
94;2101;2102
95;2101;2101;2102
96;2101;2103
97;2101;2104
98;2102
99;2103
100;2104
101;644
102;645
103;646
104;647
105;648
106;649
107;650
108;651
109;2311
110;2319
111;600;607;614;637
112;2311;2334;2336
113;640;617;610;604
114;2342;2341;2340
115;2311;2334
